acquire 1474
    0377 1474 1478 2210 2373
    2408 2467 2524 2568 2583
    2616 2629 2826 2843 3116
    3522 3542 4007 4065 4170
    4230 4379 4410 4758 4791
    4811 4840 4858 4868 5329
    5354 5368 6163 6184 6205
    7360 7516 7558 7606
allocproc 2205
    2205 2257 2310
allocuvm 1853
    0422 1853 1867 2287 6042
    6053
alltraps 3004
    2959 2967 2980 2985 3003
    3004
ALT 7110
    7110 7138 7140
argfd 5519
    5519 5556 5571 5583 5594
    5606
argint 3295
    0395 3295 3308 3324 3482
    3506 3520 3587 5524 5571
    5583 5808 5876 5877 5926
argptr 3304
    0396 3304 5571 5583 5606
    5957
argstr 3321
    0397 3321 5618 5708 5808
    5857 5875 5906 5926
__attribute__ 1310
    0270 0365 1209 1310
BACK 7961
    7961 8074 8220 8489
backcmd 7996 8214
    7996 8009 8075 8214 8216
    8342 8455 8490
BACKSPACE 7450
    7450 7467 7494 7526 7532
balloc 4554
    4554 4576 4917 4925 4929
BBLOCK 3795
    3795 4563 4588
B_BUSY 3609
    3609 4058 4176 4177 4188
    4191 4216 4227 4239
B_DIRTY 3611
    3611 3987 4016 4021 4060
    4078 4188 4218 4445
begin_trans 4377
    0333 4377 5383 5474 5623
    5713 5811 5856 5874
bfree 4581
    4581 4964 4974 4977
bget 4166
    4166 4196 4206
binit 4138
    0261 1231 4138
bmap 4910
    4910 4936 5019 5069
bootmain 8617
    8568 8617
BPB 3792
    3792 3795 4562 4564 4589
bread 4202
    0262 4202 4326 4327 4339
    4356 4439 4531 4542 4563
    4588 4713 4734 4818 4926
    4970 5019 5069
brelse 4225
    0263 4225 4228 4330 4331
    4346 4364 4442 4533 4545
    4569 4574 4595 4719 4722
    4743 4826 4932 4976 5022
    5073
BSIZE 3761
    3761 3772 3786 3792 4307
    4328 4440 4543 5019 5020
    5021 5065 5069 5070 5071
buf 3600
    0250 0262 0263 0264 0306
    0332 2020 2023 2032 2034
    3600 3604 3605 3606 3911
    3926 3929 3975 4004 4054
    4056 4059 4126 4130 4134
    4140 4153 4165 4168 4201
    4204 4214 4225 4255 4326
    4327 4339 4340 4346 4356
    4357 4363 4364 4425 4439
    4518 4529 4540 4557 4583
    4706 4731 4805 4913 4959
    5005 5055 7329 7340 7344
    7347 7503 7524 7538 7568
    7601 7608 8084 8087 8088
    8089 8103 8115 8116 8119
    8120 8121 8125
B_VALID 3610
    3610 4020 4060 4078 4207
bwrite 4214
    0264 4214 4217 4329 4363
    4441
bzero 4538
    4538 4570
C 7131 7509
    7131 7179 7204 7205 7206
    7207 7208 7210 7509 7519
    7522 7529 7540 7569
CAPSLOCK 7112
    7112 7145 7286
cgaputc 7455
    7455 7498
clearpteu 1929
    0431 1929 1935 6055
cli 0557
    0557 0559 1126 1560 7410
    7489 8512
cmd 7965
    7965 7977 7986 7987 7992
    7993 7998 8002 8006 8015
    8018 8023 8031 8037 8041
    8051 8075 8077 8152 8155
    8157 8158 8159 8160 8163
    8164 8166 8168 8169 8170
    8171 8172 8173 8174 8175
    8176 8179 8180 8182 8184
    8185 8186 8187 8188 8189
    8200 8201 8203 8205 8206
    8207 8208 8209 8210 8213
    8214 8216 8218 8219 8220
    8221 8222 8312 8313 8314
    8315 8317 8321 8324 8330
    8331 8334 8337 8339 8342
    8346 8348 8350 8353 8355
    8358 8360 8363 8364 8375
    8378 8381 8385 8400 8403
    8408 8412 8413 8416 8421
    8422 8428 8437 8438 8444
    8445 8451 8452 8461 8464
    8466 8472 8473 8478 8484
    8490 8491 8494
COM1 7713
    7713 7723 7726 7727 7728
    7729 7730 7731 7734 7740
    7741 7757 7759 7767 7769
commit_trans 4401
    0334 4401 5385 5479 5628
    5646 5655 5745 5752 5813
    5858 5862 5879 5883
CONSOLE 3887
    3887 7621 7622
consoleinit 7616
    0267 1227 7616
consoleintr 7512
    0269 7298 7512 7775
consoleread 7551
    7551 7622
consolewrite 7601
    7601 7621
consputc 7486
    7316 7347 7368 7386 7389
    7393 7394 7486 7526 7532
    7539 7608
context 2093
    0251 0374 2056 2093 2111
    2238 2239 2240 2241 2478
    2516 2678
copyout 2018
    0430 2018 6063 6074
copyuvm 1953
    0427 1953 1964 1966 2314
cprintf 7352
    0268 1224 1264 1867 2676
    2680 2682 3140 3153 3158
    3409 6619 6639 6811 6962
    7352 7412 7413 7414 7417
cpu 2054
    0309 1224 1264 1266 1278
    1406 1466 1487 1508 1546
    1561 1562 1570 1572 1618
    1631 1637 1776 1777 1778
    1779 2054 2064 2068 2079
    2478 2509 2515 2516 2517
    3115 3140 3141 3153 3154
    3158 3160 6513 6514 6811
    7412
cpunum 6801
    0323 1288 1624 6801 6973
    6982
CR0_PE 0727
    0727 1135 1171 8543
CR0_PG 0737
    0737 1050 1171
CR0_WP 0733
    0733 1050 1171
CR4_PSE 0739
    0739 1043 1164
create 5757
    5757 5777 5790 5794 5812
    5857 5878
CRTPORT 7451
    7451 7460 7461 7462 7463
    7478 7479 7480 7481
CTL 7109
    7109 7135 7139 7285
deallocuvm 1882
    0423 1868 1882 1916 2290
DEVSPACE 0204
    0204 1732 1745
devsw 3880
    3880 3885 5008 5010 5058
    5060 5311 7621 7622
dinode 3776
    3776 3786 4707 4714 4732
    4735 4806 4819
dirent 3800
    3800 5114 5155 5664 5704
dirlink 5152
    0286 5121 5152 5167 5175
    5639 5789 5793 5794
dirlookup 5111
    0287 5111 5117 5159 5274
    5721 5767
DIRSIZ 3798
    3798 3802 5105 5172 5228
    5229 5291 5615 5705 5761
DPL_USER 0779
    0779 1627 1628 2264 2265
    3073 3168 3177
E0ESC 7116
    7116 7270 7274 7275 7277
    7280
elfhdr 0955
    0955 6014 8619 8624
ELF_MAGIC 0952
    0952 6027 8630
ELF_PROG_LOAD 0986
    0986 6038
entry 1040
    0961 1036 1039 1040 2952
    2953 6087 6421 8621 8645
    8646
EOI 6714
    6714 6784 6825
ERROR 6735
    6735 6777
ESR 6717
    6717 6780 6781
EXEC 7957
    7957 8022 8159 8465
execcmd 7969 8153
    7969 8010 8023 8153 8155
    8421 8427 8428 8456 8466
exit 2354
    0359 2354 2390 3105 3109
    3169 3178 3467 7816 7819
    7861 7926 7931 8016 8025
    8035 8080 8128 8135
EXTMEM 0202
    0202 0208 1729
fdalloc 5538
    5538 5558 5826 5962
fetchint 3267
    0398 3267 3297 5933
fetchstr 3279
    0399 3279 3326 5939
file 3850
    0252 0276 0277 0278 0280
    0281 0282 0351 2114 3850
    4520 5308 5314 5324 5327
    5330 5351 5352 5364 5366
    5402 5415 5452 5513 5519
    5522 5538 5553 5567 5579
    5592 5603 5805 5954 6106
    6121 7310 7708 7978 8033
    8034 8164 8172 8372
filealloc 5325
    0276 5325 5826 6127
fileclose 5364
    0277 2365 5364 5370 5597
    5828 5965 5966 6154 6156
filedup 5352
    0278 2329 5352 5356 5560
fileinit 5318
    0279 1232 5318
fileread 5415
    0280 5415 5430 5573
filestat 5402
    0281 5402 5608
filewrite 5452
    0282 5452 5484 5489 5585
FL_IF 0710
    0710 1562 1568 2268 2513
    6808
fork 2304
    0360 2304 3461 7860 7923
    7925 8143 8145
fork1 8139
    8000 8042 8054 8061 8076
    8124 8139
forkret 2533
    2167 2241 2533
freerange 2801
    2761 2784 2790 2801
freevm 1910
    0424 1910 1915 1978 2421
    6090 6095
gatedesc 0901
    0523 0526 0901 3061
getcallerpcs 1526
    0378 1488 1526 2678 7415
getcmd 8084
    8084 8115
gettoken 8256
    8256 8341 8345 8357 8370
    8371 8407 8411 8433
growproc 2281
    0361 2281 3509
havedisk1 3928
    3928 3964 4062
holding 1544
    0379 1477 1504 1544 2507
ialloc 4703
    0288 4703 4724 5776 5777
IBLOCK 3789
    3789 4713 4734 4818
I_BUSY 3875
    3875 4812 4814 4837 4841
    4861 4863
ICRHI 6728
    6728 6787 6856 6868
ICRLO 6718
    6718 6788 6789 6857 6859
    6869
ID 6711
    6711 6747 6816
IDE_BSY 3913
    3913 3937
IDE_CMD_READ 3918
    3918 3991
IDE_CMD_WRITE 3919
    3919 3988
IDE_DF 3915
    3915 3939
IDE_DRDY 3914
    3914 3937
IDE_ERR 3916
    3916 3939
ideinit 3951
    0304 1234 3951
ideintr 4002
    0305 3124 4002
idelock 3925
    3925 3955 4007 4009 4028
    4065 4079 4082
iderw 4054
    0306 4054 4059 4061 4063
    4208 4219
idestart 3975
    3929 3975 3978 4026 4075
idewait 3933
    3933 3958 3980 4016
idtinit 3079
    0406 1265 3079
idup 4789
    0289 2330 4789 5261
iget 4754
    4673 4720 4754 4774 5129
    5259
iinit 4668
    0290 1233 4668
ilock 4803
    0291 4803 4809 4829 5264
    5405 5424 5475 5625 5638
    5651 5715 5723 5765 5769
    5779 5819 5908 6021 7563
    7583 7610
inb 0453
    0453 3937 3963 6654 7264
    7267 7461 7463 7734 7740
    7741 7757 7767 7769 8523
    8531 8654
initlock 1462
    0380 1462 2175 2782 3075
    3955 4142 4311 4670 5320
    6135 7618 7619
initlog 4305
    0331 2544 4305 4308
inituvm 1803
    0425 1803 1808 2261
inode 3862
    0253 0286 0287 0288 0289
    0291 0292 0293 0294 0295
    0297 0298 0299 0300 0301
    0426 1818 2115 3856 3862
    3881 3882 4523 4664 4673
    4702 4729 4753 4756 4762
    4788 4789 4803 4835 4856
    4878 4910 4956 4987 5002
    5052 5110 5111 5152 5156
    5253 5256 5288 5295 5616
    5661 5703 5756 5760 5806
    5854 5869 5904 6015 7551
    7601
INPUT_BUF 7500
    7500 7503 7524 7536 7538
    7540 7568
insl 0462
    0462 0464 4017 8673
install_trans 4321
    4321 4371 4405
INT_DISABLED 6919
    6919 6967
ioapic 6927
    6607 6629 6630 6924 6927
    6936 6937 6943 6944 6958
IOAPIC 6908
    6908 6958
ioapicenable 6973
    0309 3957 6973 7626 7743
ioapicid 6517
    0310 6517 6630 6647 6961
    6962
ioapicinit 6951
    0311 1226 6951 6962
ioapicread 6934
    6934 6959 6960
ioapicwrite 6941
    6941 6967 6968 6981 6982
IO_PIC1 7007
    7007 7020 7035 7044 7047
    7052 7062 7076 7077
IO_PIC2 7008
    7008 7021 7036 7065 7066
    7067 7070 7079 7080
IO_RTC 6835
    6835 6848 6849
IO_TIMER1 7659
    7659 7668 7678 7679
IPB 3786
    3786 3789 3795 4714 4735
    4819
iput 4856
    0292 2370 4856 4862 4881
    5160 5282 5384 5644 5914
IRQ_COM1 2933
    2933 3134 7742 7743
IRQ_ERROR 2935
    2935 6777
IRQ_IDE 2934
    2934 3123 3127 3956 3957
IRQ_KBD 2932
    2932 3130 7625 7626
IRQ_SLAVE 7010
    7010 7014 7052 7067
IRQ_SPURIOUS 2936
    2936 3139 6757
IRQ_TIMER 2931
    2931 3114 3173 6764 7680
isdirempty 5661
    5661 5668 5727
ismp 6515
    0337 1235 6515 6612 6620
    6640 6643 6955 6975
itrunc 4956
    4523 4865 4956
iunlock 4835
    0293 4835 4838 4880 5271
    5407 5427 5478 5634 5832
    5913 7556 7605
iunlockput 4878
    0294 4878 5266 5275 5278
    5627 5640 5643 5654 5728
    5739 5743 5751 5768 5772
    5796 5821 5829 5861 5882
    5910 6047 6097
iupdate 4729
    0295 4729 4867 4982 5078
    5633 5653 5737 5742 5783
    5787
I_VALID 3876
    3876 4817 4827 4859
kalloc 2838
    0314 1294 1663 1742 1809
    1865 1969 2223 2838 6129
KBDATAP 7104
    7104 7267
kbdgetc 7256
    7256 7298
kbdintr 7296
    0320 3131 7296
KBS_DIB 7103
    7103 7265
KBSTATP 7102
    7102 7264
KERNBASE 0207
    0207 0208 0212 0213 0217
    0218 0220 0221 1315 1533
    1729 1858 1916 3561 3567
KERNLINK 0208
    0208 1730
KEY_DEL 7128
    7128 7169 7191 7215
KEY_DN 7122
    7122 7165 7187 7211
KEY_END 7120
    7120 7168 7190 7214
KEY_HOME 7119
    7119 7168 7190 7214
KEY_INS 7127
    7127 7169 7191 7215
KEY_LF 7123
    7123 7167 7189 7213
KEY_PGDN 7126
    7126 7166 7188 7212
KEY_PGUP 7125
    7125 7166 7188 7212
KEY_RT 7124
    7124 7167 7189 7213
KEY_UP 7121
    7121 7165 7187 7211
kfree 2815
    0315 1898 1900 1920 1923
    2315 2419 2806 2815 2820
    6152 6173
kill 2625
    0362 2625 3159 3484 7867
kinit1 2780
    0316 1219 2780
kinit2 2788
    0317 1238 2788
KSTACKSIZE 0151
    0151 1054 1063 1295 1779
    2227
kvmalloc 1757
    0418 1220 1757
lapiceoi 6822
    0325 3121 3125 3132 3136
    3142 6822
lapicinit 6751
    0326 1222 1256 6751
lapicstartap 6840
    0327 1299 6840
lapicw 6744
    6744 6757 6763 6764 6765
    6768 6769 6774 6777 6780
    6781 6784 6787 6788 6793
    6825 6856 6857 6859 6868
    6869
lcr3 0590
    0590 1768 1783
lgdt 0512
    0512 0520 1133 1633 8541
lidt 0526
    0526 0534 3081
LINT0 6733
    6733 6768
LINT1 6734
    6734 6769
LIST 7960
    7960 8040 8207 8483
listcmd 7990 8201
    7990 8011 8041 8201 8203
    8346 8457 8484
loadgs 0551
    0551 1634
loaduvm 1818
    0426 1818 1824 1827 6044
log 4290 4300
    4290 4300 4311 4313 4314
    4315 4325 4326 4327 4339
    4342 4343 4344 4356 4359
    4360 4361 4372 4379 4380
    4381 4383 4384 4403 4406
    4410 4411 4412 4413 4429
    4431 4434 4435 4438 4439
    4443 4444
logheader 4285
    4285 4296 4307 4308 4340
    4357
LOGSIZE 0160
    0160 4287 4429 5467
log_write 4425
    0332 4425 4544 4568 4594
    4718 4742 4930 5072
ltr 0538
    0538 0540 1780
mappages 1679
    1679 1748 1811 1872 1972
MAXARG 0159
    0159 5922 6013 6060
MAXARGS 7963
    7963 7971 7972 8440
MAXFILE 3773
    3773 5065
memcmp 6265
    0386 6265 6545 6588
memmove 6281
    0387 1285 1812 1971 2032
    4328 4440 4532 4741 4825
    5021 5071 5229 5231 6281
    6304 7473
memset 6254
    0388 1666 1744 1810 1871
    2240 2263 2823 4543 4716
    5732 5929 6254 7475 8087
    8158 8169 8185 8206 8219
microdelay 6831
    0328 6831 6858 6860 6870
    7758
min 4522
    4522 5020 5070
mp 6402
    6402 6508 6537 6544 6545
    6546 6555 6560 6564 6565
    6568 6569 6580 6583 6585
    6587 6594 6604 6610 6650
mpbcpu 6520
    0338 6520
MPBUS 6452
    6452 6633
mpconf 6413
    6413 6579 6582 6587 6605
mpconfig 6580
    6580 6610
mpenter 1252
    1252 1296
mpinit 6601
    0339 1221 6601 6619 6639
mpioapic 6439
    6439 6607 6629 6631
MPIOAPIC 6453
    6453 6628
MPIOINTR 6454
    6454 6634
MPLINTR 6455
    6455 6635
mpmain 1262
    1209 1241 1257 1262
mpproc 6428
    6428 6606 6617 6626
MPPROC 6451
    6451 6616
mpsearch 6556
    6556 6585
mpsearch1 6538
    6538 6564 6568 6571
multiboot_header 1025
    1024 1025
namecmp 5103
    0296 5103 5124 5718
namei 5289
    0297 2273 5289 5620 5817
    5906 6019
nameiparent 5296
    0298 5254 5269 5281 5296
    5636 5710 5763
namex 5254
    5254 5292 5298
NBUF 0155
    0155 4130 4153
ncpu 6516
    1224 1287 2069 3957 6516
    6618 6619 6623 6624 6625
    6645
NCPU 0152
    0152 2068 6513
NDEV 0157
    0157 5008 5058 5311
NDIRECT 3771
    3771 3773 3782 3873 4915
    4920 4924 4925 4962 4969
    4970 4977 4978
NELEM 0434
    0434 1747 2672 3406 5931
nextpid 2166
    2166 2219
NFILE 0154
    0154 5314 5330
NINDIRECT 3772
    3772 3773 4922 4972
NINODE 0156
    0156 4664 4762
NO 7106
    7106 7152 7155 7157 7158
    7159 7160 7162 7174 7177
    7179 7180 7181 7182 7184
    7202 7203 7205 7206 7207
    7208
NOFILE 0153
    0153 2114 2327 2363 5526
    5542
NPDENTRIES 0821
    0821 1311 1917
NPROC 0150
    0150 2161 2211 2379 2412
    2468 2607 2630 2669
NPTENTRIES 0822
    0822 1894
NSEGS 2051
    1611 2051 2058
nulterminate 8452
    8315 8330 8452 8473 8479
    8480 8485 8486 8491
NUMLOCK 7113
    7113 7146
O_CREATE 3653
    3653 5810 8378 8381
O_RDONLY 3650
    3650 5820 8375
O_RDWR 3652
    3652 5838 7914 7916 8107
outb 0471
    0471 3961 3970 3981 3982
    3983 3984 3985 3986 3988
    3991 6653 6654 6848 6849
    7020 7021 7035 7036 7044
    7047 7052 7062 7065 7066
    7067 7070 7076 7077 7079
    7080 7460 7462 7478 7479
    7480 7481 7677 7678 7679
    7723 7726 7727 7728 7729
    7730 7731 7759 8528 8536
    8664 8665 8666 8667 8668
    8669
outsl 0483
    0483 0485 3989
outw 0477
    0477 1181 1183 8574 8576
O_WRONLY 3651
    3651 5837 5838 8378 8381
P2V 0218
    0218 1219 1238 6562 6850
    7452
panic 7405 8132
    0270 1478 1505 1569 1571
    1690 1746 1782 1808 1824
    1827 1898 1915 1935 1964
    1966 2260 2360 2390 2508
    2510 2512 2514 2556 2559
    2820 3155 3978 4059 4061
    4063 4196 4217 4228 4308
    4430 4432 4576 4592 4724
    4774 4809 4829 4838 4862
    4936 5117 5121 5167 5175
    5356 5370 5430 5484 5489
    5668 5726 5734 5777 5790
    5794 7363 7405 7412 8001
    8020 8053 8132 8145 8328
    8372 8406 8410 8436 8441
panicked 7318
    7318 7418 7488
parseblock 8401
    8401 8406 8425
parsecmd 8318
    8002 8125 8318
parseexec 8417
    8314 8355 8417
parseline 8335
    8312 8324 8335 8346 8408
parsepipe 8351
    8313 8339 8351 8358
parseredirs 8364
    8364 8412 8431 8442
PCINT 6732
    6732 6774
pde_t 0103
    0103 0420 0421 0422 0423
    0424 0425 0426 0427 0430
    0431 1210 1270 1311 1610
    1654 1656 1679 1736 1739
    1742 1803 1818 1853 1882
    1910 1929 1952 1953 1955
    2002 2018 2105 6017
PDX 0812
    0812 1659
PDXSHIFT 0827
    0812 0818 0827 1315
peek 8301
    8301 8325 8340 8344 8356
    8369 8405 8409 8424 8432
PGROUNDDOWN 0830
    0830 1684 1685 2025
PGROUNDUP 0829
    0829 1863 1890 2804 6052
PGSIZE 0823
    0823 0829 0830 1310 1666
    1694 1695 1744 1807 1810
    1811 1823 1825 1829 1832
    1864 1871 1872 1891 1894
    1962 1971 1972 2029 2035
    2262 2269 2805 2819 2823
    6053 6055
PHYSTOP 0203
    0203 1238 1731 1745 1746
    2819 3567
picenable 7025
    0343 3956 7025 7625 7680
    7742
picinit 7032
    0344 1225 7032
picsetmask 7017
    7017 7027 7083
pinit 2173
    0363 1229 2173
pipe 6111
    0254 0352 0353 0354 3855
    5381 5422 5459 6111 6123
    6129 6135 6139 6143 6161
    6180 6201 7863 8052 8053
PIPE 7959
    7959 8050 8186 8477
pipealloc 6121
    0351 5959 6121
pipeclose 6161
    0352 5381 6161
pipecmd 7984 8180
    7984 8012 8051 8180 8182
    8358 8458 8478
piperead 6201
    0353 5422 6201
PIPESIZE 6109
    6109 6113 6186 6194 6216
pipewrite 6180
    0354 5459 6180
popcli 1566
    0383 1521 1566 1569 1571
    1784
printint 7326
    7326 7376 7380
proc 2103
    0255 0358 0428 1205 1458
    1606 1638 1773 1779 2065
    2080 2103 2109 2156 2161
    2164 2204 2207 2211 2254
    2285 2287 2290 2293 2294
    2307 2314 2320 2321 2322
    2328 2329 2330 2334 2356
    2359 2364 2365 2366 2370
    2371 2376 2379 2380 2388
    2405 2412 2413 2433 2439
    2460 2468 2475 2478 2483
    2511 2516 2525 2555 2573
    2574 2578 2605 2607 2627
    2630 2665 2669 3055 3104
    3106 3108 3151 3159 3160
    3162 3168 3173 3177 3255
    3269 3283 3286 3297 3310
    3405 3407 3410 3411 3456
    3490 3508 3525 3554 3907
    4516 5261 5511 5526 5543
    5544 5596 5914 5915 5964
    6004 6081 6084 6085 6086
    6087 6088 6089 6104 6187
    6207 6511 6606 6617 6618
    6619 6622 7313 7561 7710
procdump 2654
    0364 2654 7520
proghdr 0974
    0974 6016 8620 8634
PTE_ADDR 0844
    0844 1661 1828 1896 1919
    1967 2011
PTE_FLAGS 0845
    0845 1968
PTE_P 0833
    0833 1313 1315 1660 1670
    1689 1691 1895 1918 1965
    2007
PTE_PS 0840
    0840 1313 1315
pte_t 0848
    0848 1653 1657 1661 1663
    1682 1821 1884 1931 1956
    2004
PTE_U 0835
    0835 1670 1811 1872 1936
    2009
PTE_W 0834
    0834 1313 1315 1670 1729
    1731 1732 1811 1872
PTX 0815
    0815 1672
PTXSHIFT 0826
    0815 0818 0826
pushcli 1555
    0382 1476 1555 1775
rcr2 0582
    0582 3154 3161
readeflags 0544
    0544 1559 1568 2513 6808
read_head 4337
    4337 4370
readi 5002
    0299 1833 5002 5120 5166
    5425 5667 5668 6025 6036
readsb 4527
    0285 4312 4527 4561 4587
    4710
readsect 8660
    8660 8695
readseg 8679
    8614 8627 8638 8679
recover_from_log 4368
    4302 4316 4368
REDIR 7958
    7958 8030 8170 8471
redircmd 7975 8164
    7975 8013 8031 8164 8166
    8375 8378 8381 8459 8472
REG_ID 6910
    6910 6960
REG_TABLE 6912
    6912 6967 6968 6981 6982
REG_VER 6911
    6911 6959
release 1502
    0381 1502 1505 2214 2220
    2427 2434 2485 2527 2537
    2569 2582 2618 2636 2640
    2831 2848 3119 3526 3531
    3544 4009 4028 4082 4178
    4192 4242 4384 4413 4765
    4781 4793 4815 4843 4864
    4873 5333 5337 5358 5372
    5378 6172 6175 6188 6197
    6208 6219 7401 7548 7562
    7582 7609
ROOTDEV 0158
    0158 4312 4315 5259
ROOTINO 3760
    3760 5259
run 2764
    2661 2764 2765 2771 2817
    2827 2840
runcmd 8006
    8006 8020 8037 8043 8045
    8059 8066 8077 8125
RUNNING 2100
    2100 2477 2511 2661 3173
safestrcpy 6332
    0389 2272 2334 6081 6332
sched 2503
    0366 2389 2503 2508 2510
    2512 2514 2526 2575
scheduler 2458
    0365 1267 2056 2458 2478
    2516
SCROLLLOCK 7114
    7114 7147
SECTSIZE 8612
    8612 8673 8686 8689 8694
SEG 0769
    0769 1625 1626 1627 1628
    1631
SEG16 0773
    0773 1776
SEG_ASM 0660
    0660 1190 1191 8584 8585
segdesc 0752
    0509 0512 0752 0769 0773
    1611 2058
seginit 1616
    0417 1223 1255 1616
SEG_KCODE 0741
    0741 1150 1625 3072 3073
    8553
SEG_KCPU 0743
    0743 1631 1634 3016
SEG_KDATA 0742
    0742 1154 1626 1778 3013
    8558
SEG_NULLASM 0654
    0654 1189 8583
SEG_TSS 0746
    0746 1776 1777 1780
SEG_UCODE 0744
    0744 1627 2264
SEG_UDATA 0745
    0745 1628 2265
SETGATE 0921
    0921 3072 3073
setupkvm 1737
    0420 1737 1759 1960 2259
    6030
SHIFT 7108
    7108 7136 7137 7285
skipelem 5215
    5215 5263
sleep 2553
    0367 2439 2553 2556 2559
    2659 3529 4079 4181 4381
    4813 6192 6211 7566 7879
spinlock 1401
    0256 0367 0377 0379 0380
    0381 0409 1401 1459 1462
    1474 1502 1544 2157 2160
    2553 2759 2769 3058 3063
    3910 3925 4125 4129 4253
    4291 4517 4663 5309 5313
    6107 6112 7308 7321 7502
    7706
STA_R 0669 0786
    0669 0786 1190 1625 1627
    8584
start 1125 7808 8511
    1124 1125 1167 1175 1177
    4292 4313 4326 4339 4356
    4439 7807 7808 8510 8511
    8567
startothers 1274
    1208 1237 1274
stat 3704
    0257 0281 0300 3704 4514
    4987 5402 5509 5604 7903
stati 4987
    0300 4987 5406
STA_W 0668 0785
    0668 0785 1191 1626 1628
    1631 8585
STA_X 0665 0782
    0665 0782 1190 1625 1627
    8584
sti 0563
    0563 0565 1573 2464
stosb 0492
    0492 0494 6260 8640
stosl 0501
    0501 0503 6258
strlen 6351
    0390 6062 6063 6351 8119
    8323
strncmp 6308
    0391 5105 6308
strncpy 6318
    0392 5172 6318
STS_IG32 0800
    0800 0927
STS_T32A 0797
    0797 1776
STS_TG32 0801
    0801 0927
sum 6526
    6526 6528 6530 6532 6533
    6545 6592
superblock 3764
    0258 0285 3764 4310 4527
    4558 4584 4708
SVR 6715
    6715 6757
switchkvm 1766
    0429 1254 1760 1766 2479
switchuvm 1773
    0428 1773 1782 2294 2476
    6089
swtch 2708
    0374 2478 2516 2707 2708
syscall 3401
    0400 3107 3257 3401
SYSCALL 7853 7860 7861 7862 7863 7864 7865 7866 7867 7868 7869 7870 7871 7872 7873 7874 7875 7876 7877 7878 7879 7880 7881 7882 7883 7884 7885 7886
    7860 7861 7862 7863 7864
    7865 7866 7867 7868 7869
    7870 7871 7872 7873 7874
    7875 7876 7877 7878 7879
    7880 7881 7882 7883 7884
    7885 7886
sys_chdir 5901
    3329 3366 5901
SYS_chdir 3209
    3209 3366
sys_close 5589
    3330 3378 5589
SYS_close 3221
    3221 3378
sys_dup 5551
    3331 3367 5551
SYS_dup 3210
    3210 3367
sys_exec 5920
    3332 3364 5920
SYS_exec 3207
    3207 3364 7812
sys_exit 3465
    3333 3359 3465
SYS_exit 3202
    3202 3359 7817
sys_fork 3459
    3334 3358 3459 3581
SYS_fork 3201
    3201 3358
sys_fstat 5601
    3335 3365 5601
SYS_fstat 3208
    3208 3365
sys_getkernelendaddr 3565
    3352 3381 3565
SYS_getkernelendaddr 3224
    3224 3381
sys_getkernelstartaddr 3559
    3351 3380 3559
SYS_getkernelstartaddr 3223
    3223 3380
sys_getkernelvariaddr 3571
    3353 3382 3571
SYS_getkernelvariaddr 3225
    3225 3382
sys_getmysize 3551
    3350 3379 3551
SYS_getmysize 3222
    3222 3379
sys_getpid 3488
    3336 3368 3488
SYS_getpid 3211
    3211 3368
sys_getsystemcalladdr 3579
    3354 3383 3579
SYS_getsystemcalladdr 3226
    3226 3383
sys_kill 3478
    3337 3363 3478
SYS_kill 3206
    3206 3363
sys_link 5613
    3338 3376 5613
SYS_link 3219
    3219 3376
sys_mkdir 5851
    3339 3377 5851
SYS_mkdir 3220
    3220 3377
sys_mknod 5867
    3340 3374 5867
SYS_mknod 3217
    3217 3374
sys_open 5801
    3341 3372 5801
SYS_open 3215
    3215 3372
sys_pipe 5951
    3342 3361 5951
SYS_pipe 3204
    3204 3361
sys_read 5565
    3343 3362 5565
SYS_read 3205
    3205 3362
sys_sbrk 3501
    3344 3369 3501
SYS_sbrk 3212
    3212 3369
SYS_setpriority 3227
    3227 3384
sys_sleep 3515
    3345 3370 3515
SYS_sleep 3213
    3213 3370
sys_unlink 5701
    3346 3375 5701
SYS_unlink 3218
    3218 3375
sys_uptime 3538
    3349 3371 3538
SYS_uptime 3214
    3214 3371
sys_wait 3472
    3347 3360 3472
SYS_wait 3203
    3203 3360
sys_write 5577
    3348 3373 5577
SYS_write 3216
    3216 3373
taskstate 0851
    0851 2057
TDCR 6739
    6739 6763
T_DEV 3702
    3702 5007 5057 5878
T_DIR 3700
    3700 5116 5265 5626 5727
    5735 5785 5820 5857 5909
T_FILE 3701
    3701 5770 5812
ticks 3064
    0407 3064 3117 3118 3523
    3524 3529 3543
tickslock 3063
    0409 3063 3075 3116 3119
    3522 3526 3529 3531 3542
    3544
TICR 6737
    6737 6765
TIMER 6729
    6729 6764
TIMER_16BIT 7671
    7671 7677
TIMER_DIV 7666
    7666 7678 7679
TIMER_FREQ 7665
    7665 7666
timerinit 7674
    0403 1236 7674
TIMER_MODE 7668
    7668 7677
TIMER_RATEGEN 7670
    7670 7677
TIMER_SEL0 7669
    7669 7677
T_IRQ0 2929
    2929 3114 3123 3127 3130
    3134 3138 3139 3173 6757
    6764 6777 6967 6981 7047
    7066
TPR 6713
    6713 6793
trap 3101
    2952 2954 3022 3101 3153
    3155 3158
trapframe 0602
    0602 2110 2231 3101
trapret 3027
    2168 2236 3026 3027
T_SYSCALL 2926
    2926 3073 3103 7813 7818
    7857
tvinit 3067
    0408 1230 3067
uart 7715
    7715 7736 7755 7765
uartgetc 7763
    7763 7775
uartinit 7718
    0412 1228 7718
uartintr 7773
    0413 3135 7773
uartputc 7751
    0414 7495 7497 7747 7751
userinit 2252
    0368 1239 2252 2260
uva2ka 2002
    0421 2002 2026
V2P 0217
    0217 1730 1731
V2P_WO 0220
    0220 1036 1046
VER 6712
    6712 6773
wait 2403
    0369 2403 3474 7862 7933
    8044 8070 8071 8126
waitdisk 8651
    8651 8663 8672
wakeup 2614
    0370 2614 3118 4022 4240
    4412 4842 4870 6166 6169
    6191 6196 6218 7542
wakeup1 2603
    2170 2376 2383 2603 2617
walkpgdir 1654
    1654 1687 1826 1892 1933
    1963 2006
write_head 4354
    4354 4373 4404 4407
writei 5052
    0301 5052 5174 5476 5733
    5734
xchg 0569
    0569 1266 1483 1519
yield 2522
    0371 2522 3174
